Blank1 Read :260
;1;2;3;4;5;6;7;8;9;10;11;12
A;0.068;0.067;0.066;0.065;0.064;0.064;0.065;0.065;0.066;0.064;0.063;0.065;Blank1 Read :260
B;0.068;0.069;0.069;0.069;0.068;0.067;0.067;0.068;0.067;0.067;0.070;0.068;Blank1 Read :260
C;0.067;0.067;0.068;0.067;0.069;0.068;0.070;0.067;0.068;0.068;0.068;0.069;Blank1 Read :260
D;0.068;0.067;0.068;0.067;0.072;0.073;0.070;0.068;0.068;0.068;0.067;0.069;Blank1 Read :260
E;0.065;0.064;0.064;0.065;0.064;0.065;0.063;0.064;0.064;0.064;0.065;0.068;Blank1 Read :260
F;0.066;0.067;0.067;0.068;0.067;0.066;0.066;0.066;0.067;0.071;0.069;0.068;Blank1 Read :260
G;0.068;0.068;0.068;0.066;0.067;0.066;0.065;0.067;0.068;0.067;0.068;0.069;Blank1 Read :260
H;0.069;0.070;0.070;0.070;0.069;0.071;0.069;0.071;0.071;0.072;0.075;0.071;Blank1 Read :260

Blank2 Read :260
;1;2;3;4;5;6;7;8;9;10;11;12
A;0.063;0.067;0.062;0.072;0.063;0.062;0.064;0.063;0.063;0.062;0.064;0.064;Blank2 Read :260
B;0.064;0.064;0.065;0.064;0.064;0.064;0.064;0.065;0.064;0.065;0.066;0.066;Blank2 Read :260
C;0.064;0.065;0.065;0.065;0.065;0.064;0.064;0.064;0.066;0.065;0.065;0.066;Blank2 Read :260
D;0.065;0.064;0.064;0.064;0.067;0.065;0.065;0.064;0.065;0.068;0.065;0.066;Blank2 Read :260
E;0.062;0.061;0.061;0.061;0.062;0.061;0.062;0.061;0.064;0.062;0.063;0.066;Blank2 Read :260
F;0.065;0.065;0.064;0.064;0.063;0.063;0.065;0.064;0.064;0.066;0.068;0.070;Blank2 Read :260
G;0.065;0.065;0.065;0.064;0.064;0.065;0.065;0.064;0.064;0.064;0.065;0.068;Blank2 Read :260
H;0.067;0.067;0.067;0.067;0.066;0.067;0.067;0.068;0.067;0.070;0.072;0.070;Blank2 Read :260

Sample1 Read :260
;1;2;3;4;5;6;7;8;9;10;11;12
A;0.247;0.246;0.251;0.240;0.242;0.248;0.242;0.242;0.246;0.408;0.922;2.041;Sample1 Read :260
B;0.413;0.427;0.411;0.411;0.421;0.418;0.425;0.408;0.244;0.424;0.927;1.999;Sample1 Read :260
C;0.919;0.897;0.889;0.871;0.884;0.916;0.926;0.923;0.245;0.418;0.903;2.014;Sample1 Read :260
D;2.017;2.004;1.997;1.988;2.128;1.991;2.028;1.985;0.243;0.416;0.904;2.045;Sample1 Read :260
E;0.243;0.243;0.241;0.239;0.240;0.243;0.244;0.243;0.245;0.415;0.888;2.010;Sample1 Read :260
F;0.404;0.416;0.411;0.411;0.416;0.408;0.412;0.417;0.246;0.436;0.906;1.981;Sample1 Read :260
G;0.915;0.909;0.918;0.903;0.899;0.913;0.901;0.906;0.250;0.428;0.907;2.042;Sample1 Read :260
H;1.948;2.024;1.995;2.007;2.022;2.002;2.041;2.062;0.247;0.421;0.890;2.004;Sample1 Read :260

Sample2 Read :260
;1;2;3;4;5;6;7;8;9;10;11;12
A;0.244;0.247;0.251;0.244;0.239;0.249;0.236;0.234;0.248;0.397;0.927;2.098;Sample2 Read :260
B;0.390;0.429;0.412;0.395;0.423;0.409;0.427;0.383;0.247;0.420;0.914;2.075;Sample2 Read :260
C;0.933;0.938;0.908;0.905;0.921;0.926;0.932;0.936;0.242;0.423;0.921;2.081;Sample2 Read :260
D;2.112;2.091;2.077;2.067;2.067;2.071;2.072;2.060;0.241;0.422;0.928;2.117;Sample2 Read :260
E;0.245;0.242;0.230;0.235;0.242;0.245;0.246;0.238;0.251;0.417;0.921;2.117;Sample2 Read :260
F;0.418;0.422;0.409;0.393;0.405;0.392;0.396;0.423;0.239;0.434;0.924;2.051;Sample2 Read :260
G;0.920;0.934;0.924;0.915;0.916;0.930;0.930;0.922;0.250;0.431;0.920;2.109;Sample2 Read :260
H;2.038;2.098;2.089;2.053;2.096;2.073;2.100;2.105;0.245;0.423;0.935;2.041;Sample2 Read :260

