Blank1 Read :260
;1;2;3;4;5;6;7;8;9;10;11;12
A;0.061;0.061;0.061;0.060;0.060;0.060;0.060;0.060;0.060;0.060;0.059;0.059;Blank1 Read :260
B;0.062;0.062;0.063;0.063;0.062;0.062;0.062;0.062;0.063;0.063;0.060;0.062;Blank1 Read :260
C;0.063;0.062;0.062;0.062;0.063;0.062;0.064;0.062;0.061;0.060;0.061;0.060;Blank1 Read :260
D;0.062;0.063;0.063;0.062;0.062;0.061;0.061;0.061;0.061;0.061;0.060;0.060;Blank1 Read :260
E;0.061;0.059;0.058;0.058;0.058;0.060;0.058;0.058;0.057;0.057;0.058;0.058;Blank1 Read :260
F;0.062;0.061;0.061;0.061;0.060;0.061;0.060;0.060;0.059;0.060;0.060;0.061;Blank1 Read :260
G;0.062;0.062;0.062;0.061;0.061;0.060;0.060;0.061;0.060;0.061;0.061;0.060;Blank1 Read :260
H;0.069;0.063;0.063;0.062;0.063;0.062;0.062;0.063;0.064;0.063;0.062;0.065;Blank1 Read :260

Blank2 Read :260
;1;2;3;4;5;6;7;8;9;10;11;12
A;0.058;0.060;0.059;0.058;0.059;0.058;0.059;0.058;0.059;0.059;0.058;0.057;Blank2 Read :260
B;0.062;0.060;0.060;0.061;0.061;0.060;0.061;0.061;0.060;0.061;0.060;0.060;Blank2 Read :260
C;0.061;0.061;0.061;0.061;0.061;0.061;0.061;0.061;0.060;0.061;0.060;0.060;Blank2 Read :260
D;0.061;0.062;0.062;0.061;0.061;0.060;0.060;0.060;0.060;0.061;0.060;0.061;Blank2 Read :260
E;0.057;0.057;0.059;0.057;0.057;0.057;0.057;0.056;0.057;0.057;0.057;0.057;Blank2 Read :260
F;0.060;0.060;0.060;0.061;0.059;0.059;0.059;0.060;0.060;0.060;0.060;0.061;Blank2 Read :260
G;0.060;0.060;0.061;0.061;0.060;0.060;0.060;0.060;0.060;0.061;0.061;0.061;Blank2 Read :260
H;0.061;0.062;0.065;0.061;0.063;0.062;0.062;0.062;0.062;0.063;0.062;0.063;Blank2 Read :260

Sample1 Read :260
;1;2;3;4;5;6;7;8;9;10;11;12
A;0.169;0.181;0.252;0.222;0.199;0.185;0.195;0.223;0.223;0.188;0.233;0.225;Sample1 Read :260
B;0.224;0.228;0.217;0.208;0.217;0.263;0.228;0.214;0.207;0.271;0.212;0.241;Sample1 Read :260
C;0.225;0.257;0.240;0.251;0.215;0.244;0.267;0.256;0.223;0.272;0.288;0.257;Sample1 Read :260
D;0.331;0.399;0.357;0.324;0.323;0.339;0.339;0.182;0.190;0.210;0.191;0.245;Sample1 Read :260
E;0.174;0.195;0.185;0.211;0.207;0.212;0.225;0.193;0.198;0.206;0.220;0.245;Sample1 Read :260
F;0.225;0.224;0.200;0.213;0.203;0.211;0.239;0.247;0.202;0.205;0.206;0.252;Sample1 Read :260
G;0.217;0.221;0.204;0.225;0.210;0.197;0.229;0.236;0.189;0.192;0.217;0.198;Sample1 Read :260
H;0.215;0.232;0.224;0.231;0.229;0.237;0.315;0.325;0.359;0.371;0.339;0.388;Sample1 Read :260

Sample2 Read :260
;1;2;3;4;5;6;7;8;9;10;11;12
A;0.165;0.181;0.251;0.220;0.198;0.183;0.195;0.220;0.221;0.187;0.232;0.224;Sample2 Read :260
B;0.226;0.207;0.213;0.206;0.215;0.261;0.227;0.211;0.204;0.268;0.213;0.239;Sample2 Read :260
C;0.223;0.257;0.240;0.251;0.214;0.243;0.266;0.256;0.224;0.272;0.287;0.256;Sample2 Read :260
D;0.330;0.398;0.355;0.321;0.323;0.339;0.335;0.181;0.190;0.211;0.190;0.246;Sample2 Read :260
E;0.170;0.194;0.186;0.210;0.206;0.209;0.226;0.193;0.197;0.206;0.220;0.245;Sample2 Read :260
F;0.224;0.223;0.198;0.211;0.203;0.211;0.237;0.246;0.203;0.205;0.204;0.254;Sample2 Read :260
G;0.216;0.220;0.201;0.224;0.210;0.197;0.228;0.235;0.190;0.192;0.216;0.199;Sample2 Read :260
H;0.209;0.230;0.225;0.230;0.228;0.235;0.315;0.324;0.359;0.371;0.338;0.384;Sample2 Read :260

