Blank1 Read :260
;1;2;3;4;5;6;7;8;9;10;11;12
A;0.061;0.061;0.061;0.060;0.060;0.060;0.060;0.060;0.060;0.060;0.059;0.059;Sameple1 Read :260
B;0.062;0.062;0.063;0.063;0.062;0.062;0.062;0.062;0.063;0.063;0.060;0.062;Sample2 Read :260
C;0.063;0.062;0.062;0.062;0.063;0.062;0.064;0.062;0.061;0.060;0.061;0.060;Blank1 Read :260
D;0.062;0.063;0.063;0.062;0.062;0.061;0.061;0.061;0.061;0.061;0.060;0.060;Blank1 Read :260
E;0.061;0.059;0.058;0.058;0.058;0.060;0.058;0.058;0.057;0.057;0.058;0.058;Blank1 Read :260
F;0.062;0.061;0.061;0.061;0.060;0.061;0.060;0.060;0.059;0.060;0.060;0.061;Blank1 Read :260
G;0.062;0.062;0.062;0.061;0.061;0.060;0.060;0.061;0.060;0.061;0.061;0.060;Blank1 Read :260
H;0.069;0.063;0.063;0.062;0.063;0.062;0.062;0.063;0.064;0.063;0.062;0.065;Blank1 Read :260

