Plate Read :260
;1;2;3;4;5;6;7;8;9;10;11;12
A;0.165;0.181;0.251;0.220;0.198;0.183;0.195;0.220;0.221;0.187;0.232;0.224;Plate Read :260
B;0.226;0.207;0.213;0.206;0.215;0.261;0.227;0.211;0.204;0.268;0.213;0.239;Plate Read :260
C;0.223;0.257;0.240;0.251;0.214;0.243;0.266;0.256;0.224;0.272;0.287;0.256;Plate Read :260
D;0.330;0.398;0.355;0.321;0.323;0.339;0.335;0.181;0.190;0.211;0.190;0.246;Plate Read :260
E;0.170;0.194;0.186;0.210;0.206;0.209;0.226;0.193;0.197;0.206;0.220;0.245;Plate Read :260
F;0.224;0.223;0.198;0.211;0.203;0.211;0.237;0.246;0.203;0.205;0.204;0.254;Plate Read :260
G;0.216;0.220;0.201;0.224;0.210;0.197;0.228;0.235;0.190;0.192;0.216;0.199;Plate Read :260
H;0.209;0.230;0.225;0.230;0.228;0.235;0.315;0.324;0.359;0.371;0.338;0.384;Plate Read :260

