Blank1 Read :260
;1;2;3;4;5;6;7;8;9;10;11;12
A;0.181;0.156;0.230;0.198;0.169;0.189;0.192;0.178;0.222;0.210;0.204;0.251;Blank1 Read :260
B;0.247;0.210;0.254;0.198;0.229;0.230;0.287;0.224;0.267;0.234;0.274;0.251;Blank1 Read :260
C;0.237;0.283;0.240;0.164;0.204;0.179;0.213;0.192;0.190;0.180;0.238;0.230;Blank1 Read :260
D;0.221;0.230;0.196;0.203;0.221;0.189;0.234;0.189;0.210;0.246;0.235;0.242;Blank1 Read :260
E;0.207;0.214;0.193;0.222;0.180;0.187;0.204;0.198;0.203;0.204;0.203;0.201;Blank1 Read :260
F;0.231;0.209;0.211;0.255;0.203;0.224;0.229;0.223;0.236;0.231;0.239;0.252;Blank1 Read :260
G;0.198;0.226;0.205;0.221;0.201;0.225;0.274;0.184;0.237;0.232;0.214;0.252;Blank1 Read :260
H;0.223;0.237;0.195;0.226;0.230;0.234;0.202;0.219;0.242;0.253;0.270;0.289;Blank1 Read :260

HelloHelloHello