Sameple1 Read :260
;1;2;3;4;5;6;7;8;9;10;11;12
A;0.169;0.181;0.252;0.222;0.199;0.185;0.195;0.223;0.223;0.188;0.233;0.225;Sameple1 Read :260
B;0.224;0.228;0.217;0.208;0.217;0.263;0.228;0.214;0.207;0.271;0.212;0.241;Sameple1 Read :260
C;0.225;0.257;0.240;0.251;0.215;0.244;0.267;0.256;0.223;0.272;0.288;0.257;Sameple1 Read :260
D;0.331;0.399;0.357;0.324;0.323;0.339;0.339;0.182;0.190;0.210;0.191;0.245;Sameple1 Read :260
E;0.174;0.195;0.185;0.211;0.207;0.212;0.225;0.193;0.198;0.206;0.220;0.245;Sameple1 Read :260
F;0.225;0.224;0.200;0.213;0.203;0.211;0.239;0.247;0.202;0.205;0.206;0.252;Sameple1 Read :260
G;0.217;0.221;0.204;0.225;0.210;0.197;0.229;0.236;0.189;0.192;0.217;0.198;Sameple1 Read :260
H;0.215;0.232;0.224;0.231;0.229;0.237;0.315;0.325;0.359;0.371;0.339;0.388;Sameple1 Read :260

